[CLUSTER1] [[ 6.72694088]
 [ 0.6254375 ]
 [ 1.19940619]
 [ 2.795608  ]
 [ 5.34131373]
 [ 6.7611917 ]
 [ 4.75878179]
 [ 9.55988235]
 [ 6.45681032]
 [ 1.        ]]
[CLUSTER2] [[ 9.50422805]
 [ 3.18046018]
 [ 6.32321672]
 [ 0.95289228]
 [ 0.76577138]
 [ 6.0694526 ]
 [ 0.74841912]
 [ 2.86504568]
 [ 2.59115481]
 [ 1.        ]]
[MIDPOINT] [[ 8.11558446]
 [ 1.90294884]
 [ 3.76131145]
 [ 1.87425014]
 [ 3.05354256]
 [ 6.41532215]
 [ 2.75360045]
 [ 6.21246401]
 [ 4.52398257]
 [ 1.        ]]
     pcost       dcost       gap    pres   dres
 0: -2.4967e+06  2.3679e+05  5e+05  8e+01  2e+01
 1: -5.3892e+04 -5.6164e+03  1e+04  2e+00  4e-01
 2: -4.9459e+02 -1.0004e+02  2e+02  2e-02  4e-03
 3:  8.6368e+00 -9.9225e+00  2e+01  8e-05  2e-05
 4:  1.7815e+00 -1.3111e+00  3e+00  7e-15  4e-15
 5:  2.9635e-01 -1.4370e-01  4e-01  3e-15  9e-16
 6:  6.2418e-02  1.8414e-03  6e-02  9e-16  5e-15
 7:  2.2069e-02  1.5535e-02  7e-03  4e-16  8e-15
 8:  2.2371e-02  1.6842e-02  6e-03  3e-16  2e-14
 9:  2.2536e-02  1.7036e-02  5e-03  3e-16  2e-14
10:  2.3106e-02  1.8707e-02  4e-03  2e-16  1e-14
11:  2.1423e-02  2.0141e-02  1e-03  2e-16  2e-15
12:  2.1358e-02  2.0253e-02  1e-03  2e-16  7e-16
13:  2.0756e-02  2.0716e-02  4e-05  2e-16  3e-16
14:  2.0732e-02  2.0732e-02  6e-07  2e-16  3e-16
15:  2.0732e-02  2.0732e-02  6e-09  2e-16  2e-16
Optimal solution found.
[SVM HPLANE] [-7.91e-02]
[-4.98e-02]
[-1.08e-01]
[ 2.67e-02]
[ 6.95e-02]
[-1.36e-02]
[ 6.10e-02]
[ 9.90e-02]
[ 4.14e-02]
[-4.23e-03]

[IPOINT] [[ 8.11144881]
 [ 1.89914416]
 [ 3.75368159]
 [ 1.87699413]
 [ 3.06035599]
 [ 6.41635222]
 [ 2.75957228]
 [ 6.22243329]
 [ 4.52973891]
 [ 1.        ]]
